549510
86713
927463
444490
55305
594189
833136
558820
812451
950780
208513
665596
720721
804203
742762
561301
445298
135025
993843
828599
256528
941463
118796
656979
846878
982756
4757
22147
581654
761071
421060
659671
788784
339883
389775
816957
943380
929868
387412
66191
861688
70417
769654
242281
79208
180796
416153
287791
169681
336261
237894
416548
240256
143794
559755
276715
812292
475648
188122
361070
713880
868371
54560
198231
317215
337026
161650
216713
21276
571523
90121
349733
948325
614268
786086
833234
228254
198565
363911
126911
703704
806452
221403
685589
411189
715673
732571
653447
549956
757038
462219
925872
231907
627938
484063
122480
713463
682546
559828
87927
457912
214876
954108
706901
113844
271853
946174
734594
271803
164948
356194
346493
995508
446762
21582
789036
886511
710347
592329
880661
118309
590459
999035
828140
237555
700828
478577
657172
148488
702611
222302
361212
922563
683909
702529
170999
410784
288651
618222
552032
536556
792055
856061
89286
126972
861460
422312
792923
973633
3498
70600
208373
776872
942708
92703
309785
226344
849967
317146
978478
44536
284624
437903
973990
379217
679925
192077
145156
542447
145606
127236
443134
892318
351565
70331
145630
12104
48881
979516
976932
153270
678822
526419
537505
611997
598767
29428
830674
528337
619883
278560
230643
67782
933893
306202
114702
215
342996
58472
961927
387366
546260
984756
918493
844452
682572
808655
254585
230486
142216
870385
400692
632205
763508
752562
976374
231177
464956
466052
472050
117183
679615
91420
232994
983950
417851
947596
175687
98992
285063
387363
191194
218081
55315
947613
645286
541597
825631
821587
775831
651177
486037
789279
521171
381144
282763
985522
205089
981744
488506
247803
991173
726769
39666
919154
741027
242839
690663
109451
625562
447156
107790
148982
431409
900077
973123
758178
160931
97305
747221
175584
777096
198839
531220
837641
17871
459378
410744
796395
193598
588944
142396
754622
1850
651014
42645
815275
771150
838760
510738
378227
375975
79176
13763
170427
320386
391168
249122
180251
597
101546
115202
498508
155844
31607
742595
99821
976189
384344
220350
55668
267034
622567
247094
219481
891773
412107
373322
384167
140725
549203
114419
359893
312414
177088
259559
868842
658910
38332
603497
412179
775608
62781
350561
197263
266676
516245
542448
280219
489041
831050
654808
990824
18036
826346
121136
647854
874157
543811
200830
895487
540262
664544
162734
332911
856053
244496
803374
710616
839178
524689
607475
761421
255133
562315
395430
295492
963053
116419
524995
240733
704369
243461
131300
925781
294845
956667
947310
966387
480107
554774
505672
294929
801210
290539
170691
663917
655902
870678
851639
310571
637934
304909
348350
958140
79515
517599
402686
499262
348883
898179
594604
21986
708902
224686
903219
173612
374383
593896
372829
188232
741853
341964
586476
968320
355663
764216
736063
276479
915053
948600
263005
318381
121065
233406
583626
486495
921088
337394
831630
889117
31881
672994
169135
391194
230665
791583
719547
298584
965416
826198
551221
417901
792381
757833
198181
936867
470613
812192
768338
760215
890256
5725
411469
981063
335404
798796
728813
294528
845350
27762
105189
979204
119007
624847
106354
967782
751434
83544
289938
613129
100079
966503
747334
388876
907236
292011
659818
997405
437928
526671
760835
800450
1454
200596
995056
898513
990769
828269
246951
547929
224561
268321
614277
713151
878103
733788
895307
20124
452510
898480
485834
53183
13203
352347
423040
641999
459042
383773
16600
542716
642546
55639
595721
964984
175261
250540
558883
272506
41776
80733
64361
209940
603331
762742
325731
758213
299729
134733
349221
436661
113256
647919
604896
7963
241600
753139
377798
531039
2912
696811
412669
627972
527878
635938
763757
225987
761554
647802
731011
435950
39538
142060
905481
761364
237875
207306
686072
403126
274712
178246
221921
312959
791698
694787
7106
909400
484411
640099
927314
983693
772998
508603
564234
370264
610556
215756
666351
348785
478013
515654
365970
317323
580060
539263
711093
755140
18473
309397
786999
36729
948018
886439
658949
340994
911646
153776
123400
876963
158637
829247
793876
993549
292016
675672
686881
658898
265765
248668
821463
627846
914405
990534
674865
823153
382083
931488
252538
31150
44501
463279
953293
61948
807751
171557
547520
441999
725645
249462
910414
294084
840301
935400
506865
122573
217556
867115
868246
917422
628976
825790
731568
290589
33294
984014
397739
73152
710799
966174
847235
597696
634081
118629
177061
287272
772619
580614
512324
396919
237698
624639
919009
968762
962225
25764
294320
860401
770594
111275
50061
206290
63367
491236
464211
176679
716918
776040
789073
954218
634570
502408
926824
569663
548475
363641
212199
472877
593562
466367
924604
643870
602877
563219
96484
419359
859926
888631
359224
778406
889350
203881
942726
277612
272188
832298
133984
141160
868388
673003
302699
587915
333086
529395
930762
654052
574298
875348
472264
848663
134291
434147
592890
926466
980014
6545
82178
374228
801646
441061
9182
171047
843877
278529
599806
216071
398622
864463
565114
495220
621420
64155
391175
845379
625018
325418
50004
875095
200483
137049
676851
209385
779261
372187
737670
454624
633242
167043
128351
616038
152092
851484
347438
849426
366229
192303
886373
380241
924800
622668
68935
933089
230309
611403
785620
602179
230994
494950
379780
49813
12126
280603
459355
946913
727655
651238
889191
851070
298106
913883
903796
489451
437246
813772
899042
142386
890025
129146
374608
59925
62848
59452
875805
574402
138383
310379
724090
181241
114862
588150
274344
531916
834399
657195
987285
313646
313579
102072
567813
599965
739113
307490
24814
183079
112056
3550
473890
938863
476602
129582
717324
337703
750813
982301
163166
219336
820846
330044
530051
597081
510488
754107
292845
646442
201344
827689
839054
866540
735332
610965
91300
150279
961067
626184
815791
671142
448880
272910
949671
788244
363809
784926
767196
972442
44649
750795
288672
847730
536620
23776
860402
432491
306843
867931
160536
804573
659567
124836
838391
50884
812170
24139
904867
247931
484955
50957
443475
213316
62864
840810
812122
599758
721537
470004
222084
793852
621096
557514
177722
470835
222481
243450
386617
364103
836989
432264
152201
196764
170571
992135
440961
404719
132787
432574
434491
161899
57106
794658
177857
861101
164373
162131
860651
999796
499437
33619
715286
780570
70058
338188
771277
329309
574995
196170
765068
666490
69985
99495
554746
215988
802375
317040
948606
322187
616609
144654
98448
454548
284909
696263
602574
456957
234359
264871
300159
934195
754198
900388
313134
352316
234381
798495
190357
663561
595146
641503
321185
523308
138611
935027
934918
371730
194328
67002
146557
997510
74190
549477
664756
730542
876876
907406
207082
694582
900961
189022
31066
261323
587705
225977
49741
364934
962487
820647
58550
707394
918798
470923
858389
871522
361585